T parms: OrderedDict([('fc1.weight', tensor([[ 0.1978, -0.0328,  0.0097, -0.0833],
        [-0.0234, -0.0401,  0.0021, -0.0701],
        [ 0.0922,  0.0758,  0.0314, -0.1363],
        [-0.1719, -0.0430,  0.0931,  0.1811],
        [-0.1199, -0.1284, -0.0948,  0.1555],
        [ 0.0133, -0.0784,  0.0902, -0.0439],
        [-0.0744,  0.1770, -0.1280,  0.0541],
        [ 0.0358, -0.1357, -0.0289,  0.1061]])), ('fc1.bias', tensor([ 0.1221, -0.0022,  0.1052, -0.2915,  0.2563, -0.1056, -0.3261, -0.2455])), ('fc2.weight', tensor([[ 0.0068, -0.1318, -0.0898,  0.0236, -0.0737, -0.2501, -0.0067,  0.0599],
        [ 0.0899,  0.0212, -0.0399,  0.1258, -0.0521,  0.0637, -0.1301,  0.0239],
        [-0.1479, -0.0565, -0.1867, -0.0661, -0.0228,  0.1047, -0.1180, -0.0401],
        [ 0.0437,  0.1289,  0.0229,  0.0300,  0.0302, -0.0501,  0.1313,  0.1147],
        [ 0.1398,  0.1587, -0.1601, -0.0915,  0.1213, -0.1745, -0.1722,  0.0604]])), ('fc2.bias', tensor([ 0.0369, -0.1806, -0.3031, -0.1321, -0.2592]))])